world: 354455dc-ab87-4d03-8a10-07a956fa9dcc
world-name: farmwelt
x: -0.707745333099713
y: 68.0
z: 50.48091137102936
yaw: 70.65001678466797
pitch: 17.69999885559082
name: farmwelt
lastowner: c9e2c821-7b5e-44e9-a5f7-7554a4da0120
