world: 3342dd05-0dc7-495c-8d7b-c854cea88f60
world-name: world
x: -17.56333862487026
y: 66.0
z: 89.43602935585984
yaw: 151.94979858398438
pitch: 2.099992513656616
name: spawn
lastowner: c9e2c821-7b5e-44e9-a5f7-7554a4da0120
